function T = Zed2LeftCam_T_Zed2RightCam()
% computed from zed .conf file
T = [0.9999729520475557 0.0005196052489018924 -0.00733656484209896 0.1198626857465555;
-0.000506872981087257 0.9999983625956328 0.0017372063303895385 4.457504283335926e-05;
0.007337455490703346 -0.00173344063602287 0.9999715780613383 0.00035146891950921987;
0.0 0.0 0.0 1.0];
end
