[LEFT_CAM_2K]
fx=1066.08
fy=1067.21
cx=1145.04
cy=633.965
k1=-0.0567891
k2=0.032141
p1=0.000169392
p2=-0.000430803
k3=-0.0128658

[RIGHT_CAM_2K]
fx=1065.4
fy=1066.05
cx=1119.6
cy=652.701
k1=-0.0546932
k2=0.0277079
p1=0.000347954
p2=-2.13118e-05
k3=-0.0109198

[LEFT_CAM_FHD]
fx=1066.08
fy=1067.21
cx=1001.04
cy=552.965
k1=-0.0567891
k2=0.032141
p1=0.000169392
p2=-0.000430803
k3=-0.0128658

[RIGHT_CAM_FHD]
fx=1065.4
fy=1066.05
cx=975.6
cy=571.701
k1=-0.0546932
k2=0.0277079
p1=0.000347954
p2=-2.13118e-05
k3=-0.0109198

[LEFT_CAM_HD]
fx=533.04
fy=533.605
cx=659.02
cy=364.9825
k1=-0.0567891
k2=0.032141
p1=0.000169392
p2=-0.000430803
k3=-0.0128658

[RIGHT_CAM_HD]
fx=532.7
fy=533.025
cx=646.3
cy=374.3505
k1=-0.0546932
k2=0.0277079
p1=0.000347954
p2=-2.13118e-05
k3=-0.0109198

[LEFT_CAM_VGA]
fx=266.52
fy=266.8025
cx=345.01
cy=189.99125
k1=-0.0567891
k2=0.032141
p1=0.000169392
p2=-0.000430803
k3=-0.0128658

[RIGHT_CAM_VGA]
fx=266.35
fy=266.5125
cx=338.65
cy=194.67525
k1=-0.0546932
k2=0.0277079
p1=0.000347954
p2=-2.13118e-05
k3=-0.0109198

[LEFT_DISTO]
k1=-1.00217
k2=2.5249
k3=0.106168
k4=-0.901779
k5=2.37752
k6=0.274389
p1=0.000140209
p2=-0.000199636

[RIGHT_DISTO]
k1=-0.592424
k2=1.83746
k3=0.208749
k4=-0.48701
k5=1.69235
k6=0.361844
p1=0.000311314
p2=-0.000148193

[STEREO]
Baseline=119.862
TY=-0.106247
TZ=0.527844
CV_2K=0.00733708
CV_FHD=0.00733708
CV_HD=0.00733708
CV_VGA=0.00733708
RX_2K=0.00173534
RX_FHD=0.00173534
RX_HD=0.00173534
RX_VGA=0.00173534
RZ_2K=0.000513244
RZ_FHD=0.000513244
RZ_HD=0.000513244
RZ_VGA=0.000513244

[MISC]
Sensor_ID=0

